h:h:0
h:h:102 112 18 97 102 112 18 97 102 112 18 97 512 325 325 102 112 18 97 512 325 350 1171
h:h:102 112 18 97 102 112 18 97 102 112 18 97 512 325 325 102 112 18 97 512 325 350 1171
h:h:102 112 18 97 102 112 18 97 102 112 18 97 512 325 325 102 112 18 97 512 325 350 1171
h:h:102 112 18 97 102 112 18 97 102 112 18 97 512 325 325 102 112 18 97 512 325 350 1171
h:h:102 112 18 97 102 112 18 97 102 112 18 97 512 325 325 102 112 18 97 512 325 350 1171
h:h:102 112 18 97 102 112 18 97 102 112 18 97 512 325 325 102 112 18 97 512 325 350 1171
h:h:102 112 18 97 102 112 18 97 102 112 18 97 512 325 325 102 112 18 97 512 325 350 1171
h:h:102 112 18 97 102 112 18 97 102 112 18 97 512 325 325 102 112 18 97 512 325 350 1171
h:h:102 112 18 97 102 112 18 97 102 112 18 97 512 325 325 102 112 18 97 512 325 350 1171
hh:hh:102 112 18 97 102 112 18 97 102 112 18 97 512 325 325 102 112 18 97 512 325 350 1171
hh:hh:[102, 112, 18, 97] [102, 112, 18, 97] [102, 112, 18, 97, 512, 325, 325] [102, 112, 18, 97, 512, 325, 350, 1171]
h:h:[ 1 0 2 ,   1 1 2 ,   1 8 ,   9 7 ] [ 1 0 2 ,   1 1 2 ,   1 8 ,   9 7 ] [ 1 0 2 ,   1 1 2 ,   1 8 ,   9 7 ,   5 1 2 ,   3 2 5 ,   3 2 5 ] [ 1 0 2 ,   1 1 2 ,   1 8 ,   9 7 ,   5 1 2 ,   3 2 5 ,   3 5 0 ,   1 1 7 1 ]
h:h:102 112 18 97 102 112 18 97 102 112 18 97 512 325 325 102 112 18 97 512 325 350 1171
h:h:102 112 18 97,102 112 18 97,102 112 18 97 512 325 325,102 112 18 97 512 325 350 1171
